No contiene NaN, ta todo bien por ahora
No contiene NaN, ta todo bien por ahora
-0.000082
-0.000065
-0.000007
0.000000
0.000000
0.000000
0.000000
0.000000
0.000000
0.000000
0.000000
0.000000
0.000000
0.000000
0.000000
0.000000
0.000000
0.000000
0.000000
0.000000
0.000000
0.000000
0.000000
0.000000
0.000000
0.000000
0.000000
0.000000
0.000000
0.000000
0.000000
0.000000
0.000000
0.000000
0.000000
0.000000
0.000000
0.000000
0.000000
0.000000
0.000000
0.000000
0.000000
0.000000
0.000000
0.000000
0.000000
0.000000
0.000000
0.000000
0.000000
0.000000
0.000000
0.000000
0.000000
0.000000
0.000000
0.000000
0.000000
0.000000
0.000000
0.000000
0.000000
0.000000
0.000002
0.000002
0.000002
0.000002
0.000004
0.000006
0.000006
0.000006
0.000007
0.000008
0.000009
0.000010
0.000011
0.000011
0.000011
0.000014
0.000017
0.000017
0.000018
0.000019
0.000021
0.000021
0.000023
0.000031
0.000032
0.000032
0.000034
0.000043
0.000045
0.000053
0.000067
0.000072
0.000077
0.000082
0.000087
0.000100
0.000103
0.000149
0.000164
0.000174
0.000181
0.000197
0.000201
0.000204
0.000236
0.000257
0.000267
0.000331
0.000371
0.000372
0.000399
0.000423
0.000445
0.000521
0.000560
0.000630
0.000636
0.000686
0.000739
0.000763
0.000972
0.006273
0.010422
0.020479
0.027867
0.132188
0.142375
0.368455
0.426685
0.517975
0.558365
1.587956
2.146575
2.213033
2.534304
2.741301
3.793043
4.571739
5.235583
5.703596
5.822855
6.165464
6.223013
6.274803
6.580459
7.307284
9.337325
9.550813
10.993869
12.230796
14.362714
15.365331
16.315603
16.555884
17.826623
18.962583
19.319155
21.031425
21.396280
21.878131
22.830432
25.939734
28.404370
29.670767
31.583335
32.274310
33.284558
34.527938
38.154396
39.942263
40.246719
40.496896
41.893583
42.360514
44.546499
45.098710
50.731902
51.558219
54.473046
56.320632
57.982411
58.788718
63.860075
65.532594
65.960526
66.449963
70.688965
72.929507
74.295307
75.351635
80.204961
84.102540
85.782052
88.446518
90.094325
91.315964
96.023069
98.010550
100.747608
102.828361
106.300978
107.861723
110.294176
111.100683
113.173328
115.262887
116.580343
119.003635
119.347395
122.860641
136.798345
136.808587
137.950979
140.456099
144.821939
146.862042
148.618816
155.466883
157.234283
167.772531
174.617873
180.579566
184.336283
190.123318
196.033536
201.436461
206.496161
214.042865
218.555007
218.908832
239.279014
241.796978
246.054360
251.878900
255.238243
257.750922
259.339110
265.351844
275.082270
278.083836
283.086412
284.376599
292.417987
300.826974
303.532023
310.343329
315.156521
320.294877
328.444613
343.128284
344.549810
350.823030
358.612645
369.715083
373.432010
375.878303
379.983079
385.829900
396.831394
410.039931
416.525042
425.479432
427.991571
432.773434
441.572131
450.216070
467.934568
469.467508
483.088113
484.269935
491.013928
509.304088
511.601330
526.248943
538.615514
545.140124
548.009443
556.867148
569.915163
585.431660
590.080939
602.353428
608.466995
631.431667
634.904874
650.868122
672.397055
682.070039
704.692526
717.612600
724.150092
724.669484
730.657152
749.607982
757.101185
773.077292
773.704535
796.487859
811.162836
832.962455
838.076165
843.148151
859.062203
869.591765
873.069537
885.528780
903.596062
929.863785
933.761954
941.103521
953.984972
973.747667
990.298344
1001.550744
1013.700272
1017.323511
1042.190660
1055.519370
1069.172979
1085.716174
1116.691906
1124.458569
1144.663086
1158.192293
1161.998040
1164.573810
1183.295388
1196.688099
1218.800456
1235.386216
1263.973837
1269.017680
1276.015852
1297.834492
1336.819108
1338.336667
1348.817893
1382.019194
1400.593834
1419.409989
1448.472618
1457.853555
1496.058617
1512.091542
1523.550472
1546.260358
1554.382924
1587.725215
1604.476475
1617.427316
1646.930608
1683.870843
1688.161337
1710.240773
1721.379472
1755.364835
1800.780350
1811.959012
1843.055601
1875.352828
1907.995320
1909.285680
1952.069078
1968.411316
1990.576016
2014.503420
2035.736599
2070.756346
2083.952916
2093.620208
2119.786918
2143.495178
2200.170092
2213.844163
2256.250277
2280.841101
2300.467781
2337.888987
2352.703413
2379.306499
2411.469698
2446.155864
2485.186577
2503.212897
2524.901539
2549.759279
2596.465347
2635.085173
2649.098435
2690.317483
2697.175045
2722.887758
2767.376877
2797.199318
2838.216972
2871.135108
2899.275540
2936.000126
2964.674605
2980.120583
3001.291693
3061.772465
3116.601292
3123.561500
3160.057332
3175.996489
3195.582302
3226.525300
3244.972809
3289.065172
3315.598529
3343.882264
3375.068078
3383.411330
3408.065413
3437.449223
3450.835124
3508.492279
3569.787685
3583.737122
3613.414379
3628.317761
3688.315019
3713.991493
3765.411495
3782.926302
3788.613157
3827.395110
3864.189896
3873.093122
3881.292070
3985.417388
3997.193082
4020.058264
4028.537521
4114.183588
4122.372488
4153.027139
4174.211254
4221.059086
4252.509235
4268.388963
4309.060264
4371.212005
4384.487455
4431.841896
4450.552171
4468.353849
4484.432490
4536.315975
4572.084701
4613.919423
4643.787165
4658.006780
4728.661328
4750.466126
4789.556770
4793.339802
4861.212211
4902.289490
4911.755754
4930.465513
4991.256951
5002.315951
5068.153445
5097.725809
5121.285130
5148.375563
5205.358227
5230.830795
5294.904226
5327.884186
5352.106477
5424.207566
5435.198740
5532.780749
5593.692519
5599.301385
5662.831117
5670.510742
5707.470197
5747.467738
5779.857485
5841.680521
5857.592367
5907.604937
5924.022503
6026.467924
6043.306858
6109.092120
6140.632352
6231.483141
6238.599504
6288.482818
6294.171384
6372.837058
6429.119155
6476.053445
6498.207554
6551.297931
6630.916773
6678.292968
6713.093551
6741.684432
6787.197789
6808.792998
6877.873044
6938.579942
6987.496075
7065.888084
7129.514788
7179.976256
7201.515798
7266.172206
7334.703508
7393.832846
7411.046090
7458.830901
7550.692646
7588.010228
7668.389272
7676.588245
7720.557887
7732.295412
7781.898024
7897.633438
8004.127055
8059.759400
8076.971723
8089.081443
8145.751411
8195.644442
8293.789789
8304.105295
8381.426065
8421.410562
8506.636239
8603.601974
8667.089691
8686.519234
8738.037069
8936.556646
8969.917421
9044.004929
9084.074478
9130.195072
9206.099194
9265.180622
9326.862306
9389.299144
9435.147631
9578.821718
9610.376625
9734.894530
9801.534681
9880.119942
9915.369989
9967.363941
10037.811945
10169.946353
10248.637645
10409.283468
10437.377156
10530.880119
10636.420533
10670.002532
10754.046825
10832.212666
11001.414061
11107.594183
11122.169997
11185.120765
11227.771803
11316.193215
11378.817621
11454.608723
11489.983398
11718.801273
11829.275580
11943.132474
12010.047439
12129.474491
12237.743966
12373.620344
12408.970897
12652.749403
12691.969198
12853.742830
13036.030760
13083.836018
13279.103626
13442.315980
13560.203509
13660.985597
13737.355196
13840.642463
13949.498804
14082.954822
14104.212856
14313.524681
14449.454153
14512.604741
14716.227588
14875.330476
15133.271670
15226.153388
15389.924225
15464.891998
15546.938325
15720.867862
15763.817267
15962.488177
16061.362257
16147.780485
16352.962921
16609.124744
16746.649616
17044.750539
17169.435862
17570.585568
17616.773011
17891.485601
18287.052882
18687.768959
18879.825892
19055.830853
19151.052154
19287.813804
19357.412769
19624.574117
20025.614968
20300.295262
20426.441201
20813.602067
20894.733520
21363.435905
21526.090962
21878.632366
22127.051218
22440.707976
22765.840793
23081.331937
23285.254342
23676.699620
23990.475059
24370.189380
24524.336519
25202.431879
25497.193344
25829.257641
26116.154763
26331.249714
26677.657264
26984.580687
27353.746390
27844.246532
28327.095389
28740.477687
29001.388812
29174.931769
29391.299009
30228.376904
30787.166355
31206.360991
31372.254078
31993.256436
32354.549490
33267.522093
33556.852243
33687.027037
34360.261268
35335.753744
36037.928826
36960.018516
37351.592816
37417.388656
38106.786595
38711.569603
40606.232987
41065.207549
41645.068727
42336.723149
43611.278040
44014.405238
44799.241052
45936.506090
47074.584483
47421.751857
48229.937921
48520.227173
50668.737175
51572.895529
53450.741954
53817.316971
54976.788749
56923.771559
57660.338121
57949.409005
58897.929862
60464.865081
61293.240677
62786.035902
65197.827457
67842.282344
69070.768318
72014.083151
72215.780465
74856.447281
77515.387556
79298.619574
81591.870436
82158.977778
82775.050712
87850.448330
88705.684887
91894.749219
94600.164628
97906.265128
102759.009033
102981.887604
105975.883124
107990.907642
111060.489882
111915.922681
115899.905534
120472.042167
122332.808302
126622.056973
130728.840833
134795.334161
138069.371180
143779.308889
145624.709182
157429.693327
162834.399979
166214.722099
171115.828129
181974.203512
187018.581979
191928.949761
198411.194068
202454.265164
211157.229236
222799.426057
238471.119087
238935.801365
256985.984198
259971.257425
275429.934424
284958.015281
301633.092903
314993.483450
336181.822236
351352.827254
363451.335889
390383.427229
395816.439727
430231.318405
450944.528318
468314.795684
504106.095024
519189.689334
561098.203343
599559.455589
657417.424210
701847.716954
743275.765730
757470.782098
931316.852872
952765.803128
1008249.265950
1243848.741546
1307718.118860
1607004.467888
1865520.384365
2336576.424582
2690078.910767
3310923.911711
3786865.200045
4190537286.296286
